11.0308
8.17611
1.34338
1.45918
0.270121
0.249957
0.33827
6.2834
7.44833
3.6031
12.6956
4.11781
0.581462
4.50756
5.41727
0.479307
12.0383
0.317814
0.350518
11.6891
0.606884
7.03849
3.32394
0.949444
4.26986
10.8537
3.96576
0.851143
0.131453
5.24749
8.5632
3.19151
8.07894
0.835279
0.296355
0.137328
5.84592
7.73797
0.607698
5.17088
1.09962
1.01855
0.411326
0.97283
0.486193
0.274312
9.27964
9.91103
0.223262
0.419717
1.13548
6.29778
7.79885
8.91892
9.78337
7.76755
1.39559
6.10106
9.06587
2.80815
4.14064
8.1145
0.388642
0.366274
9.44342
16.1627
13.6845
8.45926
0.442297
4.71174
0.278945
0.443244
3.8836
8.97017
5.77016
0.604344
5.8816
12.348
4.89277
12.3843
17.9466
2.27079
8.16257
0.577678
3.19429
4.36031
13.7464
5.93913
10.6015
0.678289
5.35431
6.86822
8.91405
7.56562
1.46961
11.8154
3.61669
10.4031
0.184684
3.07814
0.394792
23.8915
0.453235
5.93562
4.07847
0.205142
7.3401
0.781437
12.7631
11.8871
3.86123
0.949201
0.369486
7.91304
11.3447
3.98534
2.69367
11.6986
8.02015
0.402216
10.5497
6.95163
0.357793
5.89509
15.7892
2.68657
11.6237
6.67308
5.99378
5.51272
0.642268
0.905935
12.0928
9.33948
0.52376
1.07569
13.1681
6.1531
2.5447
8.31891
7.19243
1.87691
3.69985
12.7043
0.53931
1.06464
2.84155
5.93067
1.15694
5.8504
6.14768
0.624633
14.1254
0.384241
7.38617
4.80218
3.05181
2.27268
1.82619
2.15378
6.57417
10.2392
6.23599
6.55902
0.418379
9.37413
7.90714
4.16372
0.367519
8.69779
4.22191
4.87323
3.37005
3.44508
9.0479
0.402483
0.676561
0.423357
1.2011
11.2217
8.17851
9.00702
5.94272
4.13988
9.98044
1.00583
0.713207
1.02999
0.559694
8.86949
0.415139
12.0571
1.20344
9.95584
2.83607
4.73479
7.56512
7.38628
5.04982
3.94219
0.368726
9.14961
14.4084
0.273441
2.92005
0.282968
8.88104
7.6485
4.07952
13.1256
16.563
0.391988
6.16126
13.4503
5.06698
0.403365
11.6829
5.50886
9.90701
1.74336
5.73233
0.666814
3.43278
1.11137
9.22616
0.655949
0.606577
5.12227
0.83513
0.194832
0.604345
12.8291
0.462588
0.549393
5.35887
2.1614
11.4806
0.355353
2.04972
2.20305
15.6956
5.66615
13.8609
6.11292
4.81072
5.85898
11.2052
13.0388
10.9199
10.9441
7.1659
8.68928
0.69445
3.74775
0.603419
2.93585
7.80968
11.1093
7.91208
9.95938
3.28483
9.70806
4.02415
14.7913
1.73115
2.29488
0.425954
13.2356
13.3625
0.451723
1.01079
0.338257
1.63959
3.69044
10.0511
0.430541
5.00645
10.0356
10.2738
7.4023
5.57578
0.457754
6.21942
8.38702
3.92984
4.30318
10.4767
1.42827
8.12384
1.86911
17.6113
8.86402
0.345539
4.09639
4.13825
1.51399
0.275285
18.9098
1.75698
0.126092
5.74214
0.290863
10.8237
6.07035
8.55259
14.1138
0.184437
4.62181
1.04662
0.698957
9.20961
1.71148
5.52523
0.357935
1.76299
4.96108
1.83743
9.48356
1.04558
8.48321
13.5281
8.62084
6.04228
14.1606
5.92647
8.52161
6.46668
4.59734
14.963
12.2608
6.78439
10.9867
1.10516
9.1441
1.04859
14.5013
2.27945
6.30813
3.74542
9.20002
8.35354
0.974124
3.90728
3.89135
6.36563
9.5749
5.76453
11.325
11.3596
1.38711
7.11089
0.65334
6.53531
4.74639
4.77228
5.14767
7.183
3.77105
9.00221
7.09177
5.21804
0.447864
2.10518
0.672663
0.227439
7.00371
0.761952
8.21208
1.9574
5.97307
6.17087
15.34
0.825291
20.0881
3.43076
0.450326
6.40327
1.02886
0.569044
4.04972
0.290273
8.49617
9.24958
6.1908
4.79222
8.0869
2.51868
5.00668
4.26459
1.95347
0.160429
1.35841
4.77978
7.65928
13.5086
7.42291
12.8888
5.66974
12.3442
0.644378
3.24386
8.82646
1.56846
0.317141
6.72508
5.16136
0.48628
0.180777
1.99601
2.21667
6.89256
6.56844
7.91071
5.20594
19.0082
1.10574
4.21181
4.81047
14.4783
4.27564
4.61874
12.6464
18.0028
6.45658
0.622797
7.17066
10.2887
5.26863
7.97465
8.18583
4.35854
13.3896
0.89232
3.33595
0.36254
0.847695
9.08467
0.359004
8.25622
3.78944
7.16685
3.98946
7.85846
10.9935
8.78851
3.65201
5.5163
0.132401
1.12241
0.465309
6.06315
0.209577
0.200057
4.94369
3.19393
0.712429
0.597685
9.39089
5.22363
9.98068
17.5646
10.5046
0.290848
0.306398
9.39397
7.08191
10.277
1.98553
1.11583
11.7459
1.04184
5.431
7.85136
9.67262
8.61372
8.99513
0.80516
3.50154
22.5946
5.19431
4.6016
0.711406
0.518943
0.271336
9.95608
10.7528
7.96919
3.87017
1.47871
14.9604
5.49051
8.86332
1.74313
6.11758
4.37805
14.0754
2.80377
5.77755
12.4568
0.844594
3.96478
4.79945
4.7525
4.89074
16.5279
7.29424
19.3931
5.21497
0.276706
2.65133
1.49372
8.73836
11.857
6.66813
3.174
8.76252
3.11629
1.8065
0.714004
3.39639
12.58
6.42477
2.76533
3.80059
8.87406
12.0074
19.0104
4.47971
0.203602
0.666801
0.193267
1.13278
4.93325
5.34224
0.228105
4.48836
6.46293
0.243582
5.40025
9.14714
0.390845
9.19096
5.74046
0.244153
9.6866
6.54416
0.211353
3.45487
7.30108
1.9351
0.383857
5.36058
13.2322
0.622477
1.89283
7.97315
3.61049
0.869988
8.1449
1.06597
3.25686
2.90198
5.21544
11.3846
1.21907
15.5464
3.47225
1.99684
0.449825
6.78156
10.6309
0.517098
12.379
0.497513
0.340921
1.57013
3.88761
1.01459
4.94781
13.1141
14.1849
9.92533
1.14547
0.451836
9.31793
17.7675
0.444737
17.2492
0.714042
11.8696
0.259392
5.78891
10.544
0.821511
8.31921
5.28296
10.0753
0.330263
0.677103
11.6765
0.435831
14.5214
3.44824
10.5307
1.80426
4.74007
8.3047
12.4805
5.70078
3.0621
3.85884
0.85199
5.91279
5.59245
14.3735
14.1807
0.427462
1.04236
8.12653
0.196086
4.1149
0.705463
8.82293
2.85266
0.817361
1.47128
0.436271
2.99159
1.18401
4.06876
6.78049
0.732283
0.192001
9.40397
14.5685
0.326659
1.43354
1.15598
0.575361
10.7712
0.943031
0.429178
0.47413
1.35167
5.65973
4.42899
8.6156
11.5542
13.0409
0.271286
0.345449
1.5077
2.12776
8.45898
0.223749
2.24088
0.359157
6.23308
13.6808
7.21356
8.79496
6.81199
3.05017
0.440005
3.44211
1.71465
11.3876
16.0236
4.05386
9.88363
1.66909
8.73302
0.300813
5.18307
0.721506
0.704478
0.27228
5.00086
0.558657
0.526435
6.19939
5.8961
15.3385
0.576668
7.42067
4.14282
0.871085
3.8248
8.36431
2.40987
0.629735
2.31959
9.95293
4.68208
3.9572
4.12664
0.540051
9.26277
3.74844
7.2574
8.17412
0.421136
3.56951
6.55131
7.35031
3.22528
4.14562
7.8205
9.24519
0.488458
2.73647
0.613857
0.644087
5.56551
0.245179
5.95738
0.416137
10.735
6.99609
0.523771
5.00131
10.0899
0.636791
3.91035
11.764
0.746773
3.59998
7.67569
4.14747
2.88245
14.9503
0.617542
7.36426
0.710844
5.66621
9.5352
6.40988
7.40525
9.72804
8.25884
4.23181
0.809385
5.19149
10.7555
4.06443
10.2046
4.73716
13.82
0.265842
5.64263
0.764199
16.6883
3.22209
7.09227
8.88936
4.86217
9.25616
9.75672
5.70532
16.2232
8.85999
10.1441
10.9208
8.82076
3.28299
5.95572
0.376714
19.8451
11.4689
9.96068
7.35481
5.7198
9.66667
7.85546
0.495849
8.30394
14.8157
7.42467
2.8028
13.1254
0.362805
5.42829
7.22971
3.8194
1.70333
6.34326
8.72708
0.439982
3.80488
9.68291
4.56132
4.58148
0.339127
0.637115
0.146285
1.866
4.04167
3.35772
1.84484
13.3858
3.31271
8.94133
1.36052
5.89801
4.53515
0.695726
0.787005
0.547471
15.9713
6.13701
12.6474
13.2087
3.76814
9.26635
8.90638
4.55776
0.462447
3.56405
1.32627
7.38957
1.69439
15.067
9.29471
0.339735
1.41318
5.34435
2.16199
17.692
7.93034
7.71101
0.31511
5.94699
0.40588
10.9716
1.83562
1.55722
0.791167
8.59131
0.356145
11.9772
5.45441
0.236399
3.42172
11.672
16.308
9.52496
8.86224
4.9217
10.0803
2.66784
4.18817
3.40015
7.65376
0.196337
6.8792
0.922921
1.15197
13.0562
4.27531
1.99352
1.63682
0.566042
3.94432
1.80435
6.65481
0.407018
7.24926
13.2258
0.620497
0.251703
5.7675
6.04863
9.90785
5.63576
5.38107
12.8594
5.28447
7.5322
10.4116
7.13809
0.696578
7.28976
8.42656
1.23667
11.4599
0.323614
8.59797
15.6053
13.394
12.7483
1.2223
9.75427
10.8215
12.7134
4.35797
6.64074
10.3753
6.82555
1.04394
0.315371
6.90058
10.7982
1.37773
9.17673
2.99909
14.4918
11.3512
7.39961
2.90427
2.02404
4.90936
8.23078
1.4358
2.8686
8.20177
8.43033
0.447841
5.08236
1.15449
3.5794
3.96066
5.7553
1.48741
1.86494
7.88557
6.97364
5.67841
1.07151
1.42906
2.50375
1.03649
5.25988
4.24337
1.07436
14.6459
6.1221
4.23304
0.167343
15.8078
1.11508
8.78779
0.242905
7.63035
3.05607
3.12123
9.89533
10.7096
10.0687
0.504858
5.53796
1.82917
4.5001
0.321551
16.0605
9.67428
6.82517
0.777591
3.359
13.7185
4.55701
15.3607
0.208266
5.75183
1.40495
10.5235
4.62633
0.722857
3.05345
0.416694
9.29672
7.48148
6.46586
4.71198
8.4979
6.77656
3.19888
5.07096
8.77248
9.54585
9.04622
0.39371
5.31438
12.3245
7.1008
9.73154
1.35106
3.36912
1.30736
5.25237
6.01379
9.07094
10.3315
3.99511
8.33896
5.77372
0.332728
0.538962
8.43386
11.2152
1.58534
7.55612
0.753945
0.631532
5.98622
0.703162
17.5546
13.2103
0.440436
3.17654
13.7105
4.25961
7.73836
1.02199
0.549914
0.955145
7.17805
3.11254
6.91763
2.31041
0.662494
12.6682
0.373365
6.36428
15.9692
0.298213
13.0617
7.63889
0.317359
4.86697
4.95803
8.72217
0.372338
7.76501
0.982002
2.11552
10.1848
0.424013
9.98024
1.20977
8.74263
8.43431
2.78814
4.74034
4.22481
4.99147
15.8346
0.283566
0.422429
14.1018
1.67401
3.38138
8.01029
8.98001
4.10535
3.77659
0.374185
12.5238
2.79039
1.20685
0.715142
8.65889
8.45155
0.36577
6.75373
2.17342
1.5636
12.4642
2.0586
8.53261
9.12632
7.45787
5.1372
7.04558
5.37888
0.493973
5.33826
8.37854
3.38277
2.46525
0.739239
0.687173
12.1035
2.10733
2.52929
2.92606
3.04515
7.27062
5.93547
1.66252
10.5902
2.96481
4.98765
3.56907
4.84198
0.55386
0.401844
0.285445
16.0769
12.0538
5.65943
11.9897
11.3674
7.95751
0.476603
0.212319
0.482167
9.5927
0.887603
10.9986
2.81537
4.97392
6.2497
0.219706
4.6679
10.4763
6.02482
7.3828
3.9528
10.8499
1.45557
14.2536
10.5031
1.19536
0.589937
14.3957
13.3956
0.503629
15.0445
1.39879
2.54496
4.50961
0.940208
2.86732
7.92597
0.337177
0.492621
0.125414
0.207064
5.3514
7.82153
8.02733
0.854855
1.83784
1.79948
3.1128
5.21137
1.83596
5.19794
12.4484
4.93947
0.242888
6.22719
9.95659
7.48927
7.37951
16.0545
6.32969
0.186964
0.336781
0.36969
3.92996
8.96742
10.5673
0.519761
5.57596
0.514463
9.20819
2.29162
0.706254
9.6907
2.25929
0.377374
11.9202
6.50734
9.77721
0.944195
7.4525
8.61394
0.359151
0.966818
1.41699
7.69165
6.12905
5.62249
7.58834
0.703133
6.22199
0.409166
6.00918
12.6397
1.49834
0.706636
7.92985
0.633278
0.671554
5.24144
11.1002
13.7674
1.73015
0.529417
0.977907
0.52649
3.11127
17.2279
5.69703
0.861971
10.7791
0.590026
0.310382
8.96351
0.901527
12.2848
6.11322
6.92503
5.38697
3.17164
8.03571
0.766034
12.0694
0.59598
9.39442
1.13487
10.8497
6.50193
8.50362
8.12354
4.53228
5.59846
14.603
0.511052
12.8036
0.294959
3.36502
1.51723
0.454097
9.64624
4.59298
7.63979
0.461389
13.156
0.602217
11.4263
1.41856
6.8565
6.04636
7.88746
1.04388
3.07351
10.831
0.386576
0.309051
4.35894
16.5574
6.30802
8.53356
6.67861
2.77147
0.43836
5.66288
0.641569
8.5476
2.71287
0.62832
6.25342
0.353524
0.814971
10.4544
0.943553
2.84132
10.2995
8.55856
0.515138
1.94084
0.211241
10.902
0.791046
3.97617
0.45935
8.76435
11.0765
12.605
10.4563
11.9384
0.339597
0.40463
7.05362
5.8603
3.99601
14.5588
7.77052
9.01221
5.81392
1.5569
5.94554
0.334806
4.87495
12.5214
3.14077
0.308046
2.46885
6.52855
4.9742
2.71691
1.27661
5.36108
9.59914
8.89157
3.74636
1.47426
4.45792
1.66156
3.25271
4.25009
4.1929
1.0548
4.02765
8.21816
6.27363
6.80762
1.09085
10.395
18.4476
1.00903
1.11233
0.355396
5.547
5.43628
8.07987
10.8793
16.4337
5.68828
0.521211
12.5164
6.34374
0.747421
0.394353
6.0117
0.602815
7.89083
11.8108
8.87171
7.33716
0.448454
0.637954
13.2743
3.93471
7.60244
8.03496
2.34346
11.852
0.464292
5.93428
4.25833
4.38177
3.65509
8.063
6.72892
9.9877
0.633381
3.81856
2.84234
6.26826
0.218463
0.937149
7.37364
13.2025
10.582
0.461071
8.06545
0.947378
4.25892
13.5929
11.2899
4.33228
14.2286
12.9043
11.0577
0.293682
0.2765
11.3741
1.46948
5.78849
0.503197
0.156542
3.15655
0.518446
17.722
14.5588
3.72734
0.537343
14.9192
6.68668
4.09772
10.1224
6.1447
3.30468
1.01652
4.34833
2.26322
0.399395
13.5496
1.26421
2.24095
12.2581
5.6885
8.66963
0.382608
3.67352
0.532653
11.1482
9.84229
4.90917
1.80411
7.36443
0.541189
0.564375
3.38732
0.147762
0.85969
12.0898
7.17182
3.37012
9.93489
0.31901
0.367341
12.7241
6.44974
13.4441
2.90248
13.7908
0.325921
3.46884
0.314965
8.11824
11.6515
0.207778
0.710364
0.723438
6.01807
4.44524
0.420748
2.92673
9.00305
6.07745
9.60275
8.82468
17.655
5.17149
0.248889
10.83
4.78597
0.721244
11.5553
8.47555
14.3633
2.395
0.197028
0.984217
0.714277
0.271943
10.6155
6.61651
16.2675
4.32437
4.19145
14.6463
2.9385
7.99947
8.54496
14.131
7.1924
6.42954
2.02268
1.09109
5.508
9.99623
0.744494
7.11145
5.08249
10.847
5.94484
4.18173
0.316106
15.6926
3.95478
11.9918
9.10583
5.72451
1.22581
3.5421
10.8449
3.69887
6.14509
7.33869
0.109521
0.24782
10.1418
10.0832
0.326835
1.92042
3.93937
0.43951
2.31014
1.92098
6.80393
2.52
8.74058
0.282356
0.387296
0.165267
0.409017
1.20886
10.8014
0.688706
8.70676
8.42642
9.79905
0.256404
0.468548
13.0101
5.32437
7.651
10.1793
0.22887
0.146985
4.57296
0.524877
4.49726
0.358603
11.8737
6.34345
0.313421
0.52659
11.6517
4.23492
6.50569
0.900569
0.548191
17.4627
12.7066
0.667777
9.91352
8.43301
4.09865
6.39356
5.54786
8.72487
13.7357
8.39516
4.60874
6.55536
4.22866
0.741746
7.41619
0.329015
11.4487
6.87287
0.440269
5.2394
5.06289
11.9088
0.164408
13.5202
1.90662
16.7154
0.274601
13.1128
1.00009
13.2428
3.3287
0.276435
0.509075
9.0073
0.753674
7.98566
5.39523
7.23488
0.252647
4.8663
5.31817
11.4203
2.15602
5.59001
0.140681
0.483888
4.65192
6.00943
0.940472
8.12516
7.97531
1.93216
10.4151
5.26236
0.247513
6.91539
7.94701
2.80961
11.362
11.0686
12.3482
7.2476
1.25831
2.82551
10.234
4.51649
2.11252
0.0822172
8.28186
6.897
0.537045
4.82815
3.82142
0.863225
0.209037
6.427
3.25382
0.320658
8.02228
5.59963
0.339431
11.1596
0.770791
3.09853
14.2433
0.552634
0.224368
2.33902
4.00322
6.46533
12.1578
5.30916
1.86745
2.92033
4.30999
13.2633
6.31127
1.63235
5.44653
0.639963
0.290511
10.1387
5.46881
3.32503
10.2977
15.2006
3.66614
3.96199
0.313284
4.26815
0.878686
6.6089
0.578264
12.3533
6.28285
17.6996
7.59191
6.08216
1.70696
0.456087
6.18024
0.787023
7.30337
6.93864
0.393847
2.05012
0.356551
3.82582
5.71901
8.43009
8.61236
8.78506
11.4475
10.6928
2.24591
15.3017
8.62171
8.36445
8.32464
1.75914
5.75248
0.940183
5.40626
0.6191
0.248249
1.16672
3.58325
2.89825
2.09946
8.96902
1.02103
16.8844
8.23142
0.316274
8.45616
0.278683
3.62365
10.5958
5.8579
6.16304
9.70028
7.94881
18.6224
2.50162
9.07246
11.2325
15.3535
1.36539
0.766997
0.827407
1.17954
4.53298
1.51923
9.1288
1.04597
1.93284
4.72317
5.98729
0.505422
7.75056
4.80373
7.75974
12.3066
4.95154
2.54944
1.52154
0.229108
4.36421
3.93618
7.75315
4.01417
0.668737
15.7881
0.194107
9.3747
14.3073
9.56377
4.39368
2.87871
6.77185
8.88815
6.81953
11.6089
2.07992
8.89865
3.4802
11.7351
0.189569
1.16604
5.05058
3.38656
1.65935
4.39697
0.365933
11.7056
0.460587
0.877431
0.30798
6.03616
11.368
5.63347
10.8929
2.93629
7.94769
0.736359
3.19618
4.04839
10.3569
11.5686
1.07185
3.37687
8.67741
8.84932
0.722159
0.34498
0.534579
0.740801
22.0114
6.81835
5.52777
7.68124
10.4192
3.14266
0.322122
9.54722
3.29266
4.40654
6.24345
3.85739
5.52237
9.94439
0.800371
2.54417
0.55627
0.403482
2.85374
0.476314
6.37653
12.1846
2.23976
11.3682
16.8089
8.27938
10.7416
0.205359
2.55445
12.5547
2.1346
12.5029
0.515093
17.1636
6.48394
2.1771
9.82677
1.93205
3.029
0.632731
2.37916
6.78879
0.925782
4.02118
9.98786
5.97314
4.64927
7.06595
7.30308
13.1811
0.399287
0.575941
11.674
10.4864
0.533381
14.9779
7.07521
16.841
9.99881
9.29521
7.51202
2.82616
0.441646
9.88823
2.43677
7.82562
0.759039
1.34592
0.441242
13.7504
11.2597
3.86699
11.5681
4.77134
0.667071
10.6144
4.97262
15.1648
4.40214
0.609519
10.6106
6.03957
1.58232
18.0092
0.464743
1.66641
7.94811
2.77044
0.804193
0.368725
3.28025
0.523903
7.50653
8.43824
0.927433
8.13511
4.24525
6.56216
6.93216
0.381635
9.40846
0.794478
8.37216
12.878
4.49049
8.13972
8.97047
0.651904
4.05055
0.380367
11.8171
14.0023
0.358229
0.80217
0.738382
0.795923
4.56525
6.63062
4.4439
6.14007
3.37767
1.0441
2.36717
0.567135
6.20753
0.931165
5.9891
1.46817
5.13313
3.43665
6.76612
4.8449
8.37025
5.72638
7.92776
11.7241
11.3239
0.692119
18.8385
18.8046
6.87774
13.8965
7.29574
2.91797
1.94743
9.15492
0.441768
0.419728
4.65408
3.7157
10.4871
11.3398
0.528343
19.471
4.98237
3.15481
18.8701
4.83669
19.1473
10.7031
9.5229
1.3627
7.88273
15.5688
0.246593
10.5495
12.2257
2.47529
0.741651
9.91191
0.463407
4.77824
9.45032
2.72909
7.06295
0.570445
0.701121
16.2099
4.62333
2.41153
5.75994
0.591942
3.80655
13.9133
0.223276
14.2424
6.77722
0.742025
0.291554
11.1803
12.413
10.894
9.26944
8.95438
0.0950278
5.73909
7.45119
1.61473
1.10276
8.33883
8.12765
2.96533
0.298238
2.6692
0.880797
5.721
0.533656
10.1047
3.76305
6.32715
0.467496
8.75992
10.3968
18.5928
0.459942
6.09903
0.25111
9.8422
6.2989
9.77334
6.74643
3.07602
9.82765
1.3323
1.28527
8.15226
12.5845
0.669682
15.3552
0.478923
0.199215
0.304416
3.41558
7.04416
9.97843
0.48731
2.10668
0.730518
3.2562
7.45452
2.91626
0.680612
0.327147
1.96114
11.3738
4.72179
0.523187
6.27925
0.294163
9.01279
2.69183
0.372762
9.61924
5.46349
1.61823
11.0608
3.66895
0.214194
19.6046
9.05516
5.19949
15.5623
0.171733
6.84794
13.215
2.08942
9.17077
0.301612
13.6535
4.04817
7.30574
6.73826
5.23163
7.05887
3.46456
2.41039
0.540969
8.49149
0.341863
0.264955
7.37958
9.31355
0.500081
0.452859
4.08426
3.89614
0.500762
3.32637
8.58442
13.9225
8.41268
2.99671
9.54338
2.00962
11.6807
0.77322
11.5175
1.35234
0.506051
5.64809
0.492687
3.02635
0.566543
3.49025
6.64233
6.25934
13.5204
0.555804
0.524129
9.4288
4.29905
3.52503
6.57734
3.82547
10.4412
9.68366
0.596464
8.231
0.54835
11.2766
7.83961
4.08205
14.1458
6.26358
5.59576
2.31607
12.6907
0.3728
9.30422
4.79223
10.2251
2.73567
6.40668
6.77707
4.28665
0.861822
2.28441
1.19922
3.73379
2.4355
3.76646
13.7483
11.9382
7.07347
9.46442
21.6761
5.02495
0.372133
0.219372
0.33123
9.13921
5.5108
13.1943
4.65807
0.880808
17.7056
4.27682
1.53812
8.58036
0.793106
0.258896
2.13296
11.9307
4.5379
0.575565
0.551689
6.44906
0.30369
6.30179
1.95238
0.71932
0.342601
6.76183
7.05022
10.9024
0.504473
4.20636
0.662563
4.0961
7.83555
1.10096
16.6134
0.945438
11.1915
3.01645
7.39313
9.64459
2.85409
4.85818
11.2985
10.1619
0.449516
0.423726
8.00385
3.09211
11.7196
3.21868
3.60501
5.33289
6.60061
10.032
6.25308
3.42222
8.03697
6.28201
5.77902
0.749008
4.11573
7.43732
2.43165
1.59588
4.6038
9.74732
1.07185
0.351667
6.06229
2.14249
9.64831
15.427
0.637765
4.47414
9.81495
0.363129
0.391056
3.54753
8.48863
5.91936
4.62129
0.918785
0.710702
4.385
10
0.43552
0.281905
0.253888
1.08177
2.21815
0.593485
1.11925
10.242
13.654
9.84232
4.44552
3.83843
6.75013
10.6257
4.51864
14.2687
4.05443
5.66973
0.468568
6.56115
13.5907
0.435352
5.80852
5.80658
8.89456
0.356719
5.40365
8.54868
2.60514
8.54259
7.71677
7.46885
0.657939
10.513
13.4332
11.3166
0.932344
3.4835
0.307722
18.8916
6.15053
8.46141
4.34609
14.2608
9.82933
2.54969
0.385153
0.26908
6.70774
0.525518
11.8644
5.88582
0.723168
11.0581
3.43668
13.9752
9.45526
13.1863
0.549984
13.2199
6.79008
12.4868
2.53917
0.483643
4.84298
7.40934
6.0239
1.95356
2.9168
7.54439
5.26591
0.478484
7.8711
0.476981
10.2443
11.226
9.09646
6.25716
16.0626
0.639483
1.3713
7.27182
3.79024
0.650795
13.5591
8.71437
0.476853
11.437
8.8415
5.68213
15.0534
1.64244
1.83101
0.83996
12.9744
9.87433
2.21213
1.24499
8.08993
9.74863
0.44365
14.7199
2.26135
1.70534
0.90195
6.77204
0.29278
0.570302
7.94394
11.7135
3.91752
1.01503
4.13561
11.4446
6.4882
6.69297
0.37929
0.22992
18.3013
6.33344
8.46873
12.7159
7.56908
7.95948
6.51544
22.1462
0.265613
9.39982
0.323436
0.358576
0.404415
0.509657
16.4908
8.72912
0.487496
2.78929
0.498149
0.547031
7.17839
8.59972
4.20476
5.29473
2.36555
5.97464
0.445079
1.38639
7.49001
1.14954
1.26025
3.29468
7.82551
0.443699
13.2998
6.05298
1.15003
5.876
6.93524
4.6985
12.6033
10.1921
0.594764
7.23188
4.96357
0.820753
0.603386
17.1705
3.06347
3.95513
6.6149
6.50286
6.93075
0.519606
0.794444
12.0062
13.9239
0.466686
0.82729
7.61196
8.87524
0.338959
8.74939
10.3944
10.9555
14.143
6.04584
0.729269
8.21602
18.1127
0.384628
5.94706
7.24833
4.53297
2.26573
2.84482
7.90964
1.47714
0.290945
5.74758
0.868541
4.98316
5.57918
9.42708
0.553805
9.9946
0.575845
6.13954
10.1705
10.4627
5.37327
12.7753
0.324559
9.10669
12.4189
7.06824
4.13102
6.13664
7.45036
15.6018
16.8401
9.48452
4.30025
5.03792
7.14605
2.5065
3.13666
12.8282
2.32951
0.415717
2.30624
3.30123
10.9719
5.38947
1.45031
4.29872
10.3933
0.603517
6.41765
5.51218
12.9226
12.1278
0.503573
0.398666
0.366472
14.8396
14.3937
2.49565
15.3464
4.38127
0.447469
8.72326
0.373692
5.57821
2.21822
0.529755
0.698798
1.25367
3.11062
3.7221
2.60272
2.46455
7.66195
0.453563
1.42308
0.726709
10.3602
3.86275
9.56323
13.0847
7.44965
4.26942
12.2941
6.29993
8.78522
10.782
17.2469
4.54488
13.223
7.45692
3.899
4.80301
3.40962
3.61468
3.35252
16.66
9.91438
8.94779
0.76715
10.1959
2.11501
7.66828
1.64678
7.72695
6.76804
3.12595
0.751049
6.70117
3.09108
0.28913
6.3216
9.66099
0.465688
2.69216
6.12669
3.18978
1.26664
7.50283
11.7875
9.96284
0.554297
6.6969
0.81184
0.898097
11.1748
10.1808
4.95395
1.3473
9.0441
4.01267
6.81082
0.458148
0.544703
5.83581
6.99341
14.4816
0.90765
2.11881
6.75795
0.303035
6.26128
0.418689
8.14254
19.7203
6.54622
8.11337
0.314357
13.4908
0.505486
1.13635
3.00774
8.26162
4.56538
12.2387
4.44509
2.98112
7.23348
1.41619
11.621
0.633637
0.148418
7.40651
11.6615
2.05342
8.48845
8.18971
0.401445
2.19479
0.721126
10.2354
2.51028
2.88415
5.86566
0.856947
14.4756
4.15822
10.1322
4.04666
1.53209
9.57992
1.74495
0.269191
4.58289
0.527142
3.90771
14.8121
1.95789
0.479507
4.31608
5.24677
3.25215
14.169
1.52996
9.56378
6.50313
2.5906
1.73667
3.64462
3.04948
3.64804
4.09793
1.68281
5.19081
9.37543
3.79598
6.4221
2.38355
0.294188
0.247601
0.469153
5.64842
5.79002
4.05812
0.270891
6.60936
6.41969
3.2517
8.94216
0.342582
3.11787
0.651352
6.91039
1.06748
5.22966
16.5204
7.41548
6.89121
0.300671
11.9974
14.3858
0.62393
0.516849
3.81025
9.60111
2.36045
5.83857
4.51922
3.96532
0.704117
2.68129
0.58706
14.2478
0.856608
0.875686
2.92364
0.854733
8.31713
10.6449
11.0386
0.929485
3.51754
9.28627
4.28905
0.209769
0.242767
0.13322
8.10765
19.4098
0.299259
3.78635
5.99238
2.93855
0.878786
3.88375
0.26778
2.41949
1.27916
3.67138
0.311968
10.0298
5.00917
5.28955
8.49733
4.29695
5.31887
7.94617
8.39612
18.2974
3.83755
14.0079
8.25185
4.01229
7.19706
7.74553
13.7117
8.16333
7.28922
1.34435
7.32127
13.0668
0.496754
0.265396
1.13494
1.97045
8.9768
0.543341
0.557513
5.98802
4.11725
1.27474
0.567936
4.94445
1.93462
1.13424
10.7755
4.74302
9.84806
12.8796
11.687
6.74139
5.99177
0.256971
5.02651
6.01287
7.70174
1.40022
5.72463
0.7596
0.880454
0.403234
8.24653
7.82009
0.545534
6.9671
18.6101
0.785879
0.303351
9.13967
21.5619
7.90913
0.442319
11.6767
0.297906
0.458467
9.29009
7.38617
0.70957
0.700475
3.27164
1.45482
9.96824
0.545868
1.60197
4.71487
1.80283
1.26011
0.491287
0.560016
3.70095
4.35201
1.63458
10.6997
11.8592
7.1683
0.416852
0.392315
5.11207
9.54226
11.2578
3.24233
7.24148
0.35046
18.1768
0.205008
1.98063
9.99584
7.97778
6.38735
3.05774
5.94697
0.556322
6.43217
20.5279
6.64238
11.9446
7.15286
10.44
1.98782
10.105
8.10198
0.722377
0.5628
12.0531
8.55991
0.973353
3.80134
0.37574
1.21685
0.294531
8.21108
7.46284
4.72882
3.14856
13.6078
0.374508
3.69109
9.75144
1.1015
10.8319
0.503228
6.22593
4.94663
0.406882
0.290562
0.386434
9.34846
6.05853
0.75968
1.77355
5.10014
9.34988
0.369779
0.275109
8.16263
5.04268
0.363583
4.3171
0.667632
4.4104
7.82612
14.984
0.89231
0.822263
0.317694
11.7606
5.32391
0.239505
1.8966
0.202372
7.33757
10.5024
7.71318
9.91874
3.96787
2.74427
0.332055
8.90306
2.03673
13.1761
4.63559
5.43682
8.72253
4.66943
13.2707
0.673669
12.6147
0.898783
0.783112
0.638257
6.98846
4.60915
0.127079
0.667448
8.82079
4.07663
5.23038
10.3665
8.10852
2.9616
1.75251
0.72242
13.2603
1.12854
0.535424
1.69836
5.83926
9.01444
0.920327
11.3064
11.7903
6.65347
3.62007
0.487748
5.93859
4.22859
5.1919
2.41376
0.224356
13.1567
6.8967
8.00455
3.35667
0.367365
0.563948
4.57208
2.65168
19.3609
10.3245
12.8593
3.55377
4.92225
5.7602
5.45884
6.79091
5.34867
0.117423
4.60262
10.4159
7.81927
9.51069
4.88132
1.55047
17.028
2.76747
10.2137
2.12171
11.4187
7.77145
5.72755
7.23224
2.10078
0.473081
15.0312
4.1804
0.670372
0.219954
11.3268
0.550907
0.37059
12.3279
3.44688
0.390272
1.62074
7.49768
0.715944
1.85925
7.16723
0.819887
17.5063
4.18441
5.86232
2.62672
0.247814
4.32527
0.575668
0.830282
10.4002
5.88496
14.6219
1.16126
3.66156
3.99367
0.531562
7.63719
13.4005
17.2769
9.2901
16.852
7.81841
9.03
0.238429
11.5494
8.38962
0.774751
0.385866
0.379421
0.518926
17.9616
3.56846
0.685788
8.88053
8.56429
0.707612
0.63464
7.54014
8.20416
7.83719
2.03395
0.577483
7.94192
5.52855
10.675
4.32417
15.2346
6.63367
3.59299
0.964257
7.60111
15.2318
7.87401
4.93036
7.29679
4.18398
6.54347
3.73472
7.25096
8.26545
1.9476
9.27775
0.793169
8.51331
8.51177
6.75685
0.197773
0.89074
8.72111
0.174955
5.11066
8.68782
9.8944
2.16986
6.81571
3.74741
0.760793
0.241405
6.70953
4.41043
5.45431
6.8847
1.8126
6.79347
10.5268
0.890394
8.4343
17.4779
12.1901
2.93732
6.18827
6.66507
0.597494
3.40864
6.13897
14.1816
10.0648
14.814
0.598396
12.5099
8.24046
3.351
4.19937
5.10462
0.405225
7.20393
0.956414
0.912108
3.82672
0.176765
4.38842
5.46149
4.28804
1.76581
1.52855
3.41003
0.628406
14.5944
4.15596
8.64659
6.19309
2.43308
11.1275
1.0069
7.43592
5.3371
6.24176
2.72297
1.01653
4.15073
8.58786
4.70915
8.06724
8.8704
4.23086
9.03985
0.35558
0.971026
3.29292
9.92582
4.39386
4.4737
10.2747
15.1839
5.39364
4.79699
10.4406
0.803766
12.063
4.26555
8.64884
3.52305
0.968364
0.827469
0.47546
10.238
11.4316
8.0498
6.93418
7.60347
0.233495
8.24481
18.6771
3.02686
0.831436
3.70953
4.04344
5.40131
4.17907
0.735487
2.19573
1.08746
0.41915
10.4224
4.36312
7.09215
7.68627
0.48216
0.320003
1.48754
20.288
2.20334
0.281079
10.7518
8.83666
6.9908
9.08384
7.64599
0.524897
5.9471
12.6189
0.600434
17.2175
6.73034
0.990327
0.479304
11.3534
1.40717
0.22778
2.55029
0.281861
7.37358
0.291136
5.37086
3.46302
15.6983
12.3646
0.372369
0.57454
3.3419
2.04653
9.99269
7.74975
2.87918
0.590903
6.64245
7.30147
3.9881
2.14652
9.62122
2.84646
1.41068
0.374974
5.11843
4.80018
9.87453
7.11617
1.72878
0.898719
12.9467
2.0406
1.45323
17.6844
8.86533
4.39049
5.66008
0.13704
4.59244
6.28215
1.73997
3.84673
5.38121
6.90881
6.21372
7.80449
14.9867
3.63379
2.43023
9.27297
13.579
4.08758
4.26222
1.54687
13.4774
1.89964
0.711869
4.1862
10.6094
6.62414
1.04432
9.38634
8.24962
6.64426
1.27971
3.58403
19.2723
2.99212
1.38163
3.30131
5.87279
0.824556
3.51598
3.78162
1.2749
0.385777
6.56234
0.492889
13.2386
12.38
0.615522
6.49014
3.1044
0.374701
0.315623
0.478641
1.61548
2.57346
5.7852
0.291701
14.0955
0.424447
2.50221
7.15193
11.9768
4.48864
4.5081
7.15291
0.774993
0.661068
2.38513
1.34984
2.39839
1.09435
17.4073
11.5577
10.0879
9.86927
0.115617
2.68176
4.95306
2.59439
0.277721
8.81955
3.28062
4.11358
14.8057
1.95206
6.78523
3.12128
5.1211
3.56249
7.4599
11.0654
18.7881
2.1538
1.11613
3.12776
3.77188
8.47578
9.23308
10.8858
1.04625
11.3891
7.7893
1.04181
11.2718
0.693229
6.66124
2.40027
1.56902
0.242592
0.403693
0.414894
0.717926
4.85425
13.7102
6.8727
0.727655
0.424344
0.920198
0.373201
4.56795
2.33332
7.86608
8.98409
2.67173
0.2405
5.89443
6.07111
0.475685
3.85996
4.34306
8.54853
14.2417
10.9213
7.48954
10.4979
5.29868
14.3896
1.16738
10.6395
1.68249
3.85585
0.475487
0.89397
0.717866
2.22865
10.5062
4.8146
0.842961
6.28648
1.08355
0.516535
4.56598
10.0863
0.763104
0.249673
0.699617
0.774842
10.1238
8.73279
5.5088
5.89402
0.489804
7.05286
7.71025
2.05827
9.51884
4.82333
0.372967
2.49414
0.998682
0.542347
4.98212
0.788599
1.41994
5.58953
3.86123
0.705349
4.84445
6.82126
0.370093
10.4356
11.4569
7.12697
2.64267
0.749213
0.781298
3.25031
0.662289
0.614251
2.95217
5.09802
8.12926
21.1503
0.71802
8.1481
0.579502
6.14239
0.244108
8.79614
4.82573
6.4498
4.20967
3.39574
0.28
0.263192
7.38805
0.937539
0.542403
16.1234
7.31036
8.11289
0.425786
6.78437
5.56646
0.588032
0.194077
1.31836
1.18844
5.28742
10.2625
11.4695
0.318313
2.84678
7.2607
9.92805
0.31843
8.34299
18.8476
0.308974
0.307575
13.6684
10.2908
5.27128
0.305836
9.96964
3.53954
0.998964
8.56201
1.26725
5.62302
8.60166
1.81481
0.118711
3.95465
0.563159
9.26291
7.10626
6.25993
4.32532
3.47157
8.06419
0.601149
15.4939
2.74133
0.756357
1.05351
6.73336
0.677845
2.68381
0.242379
6.68113
1.64336
0.889475
14.5479
1.66091
0.54667
4.33659
8.32835
3.64268
8.27229
12.9718
14.4913
4.02501
9.79953
7.34577
3.93879
8.99112
11.9863
11.719
2.86839
5.66767
6.01422
7.57096
0.344001
8.08684
16.4124
7.54187
9.17471
0.298158
0.350894
0.368839
2.93809
0.217852
10.8208
0.320867
9.01465
5.93485
7.88746
0.264956
0.424388
13.6897
5.71903
20.1352
0.493406
0.201815
8.06493
0.745168
0.971114
0.547038
3.166
0.618514
6.40145
0.64549
9.81312
0.486577
1.23758
11.913
0.824723
10.0261
0.195899
2.45356
5.22265
9.68554
0.683931
7.89037
7.54512
4.0458
4.92499
13.024
4.8305
0.446429
0.212954
0.39226
8.77651
0.293483
1.85873
3.0234
3.22489
0.151489
4.14743
9.74886
19.2122
4.67957
11.714
2.67345
12.9316
1.72404
6.69005
2.78173
7.3085
13.207
12.3833
14.2184
5.57575
6.3009
6.87429
5.28865
4.26155
6.32155
0.25289
0.644624
0.924614
0.288299
5.38275
0.534695
3.86577
9.5275
4.94748
12.3759
7.18053
7.26355
0.914992
2.32543
0.887595
1.07864
5.10855
7.44334
8.0937
6.58316
7.10449
0.828019
0.909811
6.73415
5.32551
1.15556
11.2156
6.90526
10.2073
0.423529
8.46684
0.0733939
12.6496
9.24146
5.47962
1.19626
0.363119
12.8899
13.6044
0.675513
8.02999
3.04685
5.87154
0.358334
3.70472
3.13586
8.66327
0.656448
6.09772
0.73716
10.0498
0.320885
6.73906
15.9701
4.4129
0.525045
2.86396
2.97669
3.41081
8.89893
0.965482
9.13341
6.10418
0.97817
14.2629
0.378933
0.856563
2.42985
0.212649
4.24485
0.518463
9.99114
6.48866
0.427339
0.484769
12.2638
0.681431
7.80517
8.34449
5.31678
9.69465
7.46501
3.71029
0.738298
4.54066
2.3948
5.48077
9.19544
12.603
10.5105
1.68814
6.83389
0.997208
1.95723
1.4452
5.7644
5.14754
0.738038
9.58232
9.60706
9.71122
10.4795
6.19731
0.506345
1.89687
12.816
8.14324
0.471929
0.624117
10.6492
0.341881
1.42076
2.16625
2.40034
6.98486
6.41674
12.8509
0.150814
0.632471
10.9426
1.65822
5.99177
8.91067
3.31929
11.4028
0.356647
6.28468
0.503191
6.85483
4.19198
13.7481
8.69881
5.84841
10.1846
0.459219
4.31041
0.449016
2.73166
5.19215
0.528379
12.4931
0.61479
11.8361
3.83292
7.2707
0.636633
0.370198
0.229366
6.80328
0.397809
0.169065
5.11073
6.39648
0.18579
14.1862
9.82618
9.14875
6.35226
0.377924
7.16253
6.78595
3.10263
5.94957
0.348594
11.5594
1.65341
12.5169
2.26324
3.21602
0.551668
10.6567
2.17534
0.884499
13.5554
3.55533
6.29004
9.23255
8.07726
2.25487
0.248798
5.99493
5.52593
8.79227
1.93484
14.8786
0.614455
0.929945
1.1018
5.20791
7.1812
12.4449
10.7817
6.38526
16.4041
12.0819
3.9643
6.44947
8.97179
0.218872
6.88455
5.37713
7.87301
0.970101
6.71776
3.84368
3.8013
0.592389
10.3173
9.3765
20.0602
8.31921
10.0277
0.38831
6.774
12.2479
0.894399
11.5387
0.400905
0.731764
7.49072
0.284547
1.01561
0.630184
9.59165
15.0224
2.02423
2.09219
11.9217
4.19116
12.0683
0.518041
11.5976
7.73384
0.378247
5.239
4.61797
20.0164
4.4739
1.85171
9.61172
1.14376
5.86171
0.231858
9.92147
20.0723
1.17707
5.88725
7.04128
15.603
8.21498
8.92121
5.62911
13.4849
14.5215
0.354574
2.98972
0.782538
0.262074
5.21344
0.697383
12.7902
0.459833
0.0890157
11.7202
0.659989
8.88934
0.824048
2.675
6.82014
4.83671
2.67308
